ex1 {
0.5 0.0 0.0 0.5 0.0 0.0
0.5 0.0 0.0 0.5 0.5 0.0
0.5 0.0 0.0 0.5 0.0 0.5
}
crystal {
0.0 -0.5 0.5 0.0 0.5 0.0
0.0 0.5 -0.5 0.0 0.5 0.5
0.5 0.0 0.0 0.5 0.25 0.5
}
island {
0.0 0.577 -0.577 0.0 0.0951 0.5893
0.0 0.577 -0.577 0.0 0.4413 0.7893
0.0 0.577 -0.577 0.0 0.0952 0.9893
}
ex4 {
0.333 0.0 0.0 0.333 0.333 0.666
0.0 0.333 1.0 0.0 0.666 0.0
0.0 -0.333 1.0 0.0 0.333 0.0
}



devil {
 0.333334 0.000000 0.000000  0.500000 0.000000 0.000000
 0.333334 0.000000 0.000000  0.500000 0.333334 0.000000
 0.333334 0.000000 0.000000  0.500000 0.666667 0.000000
 0.333334 0.000000 0.000000  0.500000 0.666667 0.500000
-0.333334 0.000000 0.000000 -0.500000 0.666667 0.500000
-0.333334 0.000000 0.000000 -0.500000 1.000000 0.500000
}

triangle {
0.5  0.0  0.0  0.5  0.0  0.0
0.5  0.0  0.0  0.5  0.5  0.0
0.5  0.0  0.0  0.5  0.0  0.5
}

ice {
0.750   0.000   0.000   0.750   0.125   0.125
0.500  -0.500   0.500   0.500   0.500   0.000
0.25    0.000   0.000   0.25    0.0     0.75
0.25    0.000   0.000   0.25    0.75    0.75
0.25    0.000   0.000   0.25    0.0     0.0
0.25    0.000   0.000   0.25    0.75    0.0
}

carpet {
0.5  0.0  0.0  0.5  0.0  0.0
0.5  0.0  0.0  0.5  0.5  0.0
0.0 -0.5  0.5  0.0  1.0  0.5
}


pascal {
0.5 0.0 0.0 0.5 0.0  0.0
0.5 0.0 0.0 0.5 0.5  0.0
0.5 0.0 0.0 0.5 0.25 0.5
}

dragon {
 0.000  0.577  -0.577  0.000  0.0951  0.5893
 0.000  0.577  -0.577  0.000  0.4413  0.7893
 0.000  0.577  -0.577  0.000  0.0952  0.9893
}

fern {
 0.849  0.037 -0.037  0.849  0.075  0.175
 0.197 -0.226  0.226  0.197  0.400  0.049
-0.150  0.283  0.260  0.237  0.575 -0.084
 0.000  0.000  0.000  0.165  0.500  0.000
}

snowflake {
 0.382  0.000  0.000  0.382  0.3072  0.6190
 0.382  0.000  0.000  0.382  0.6033  0.4044
 0.382  0.000  0.000  0.382  0.0139  0.4044
 0.382  0.000  0.000  0.382  0.1253  0.0595
 0.382  0.000  0.000  0.382  0.4920  0.0595
}

tree {
 0.195 -0.488  0.344  0.443  0.4431  0.2453
 0.462  0.414 -0.252  0.361  0.2511  0.5692
-0.058 -0.070  0.453 -0.111  0.5976  0.0969
-0.035  0.070 -0.469 -0.022  0.4884  0.5069
-0.637  0.000  0.000  0.501  0.8562  0.2513
}

twig {
 0.387  0.430  0.430 -0.387  0.2560  0.5220
 0.441 -0.091 -0.009 -0.322  0.4219  0.5059
-0.468  0.020 -0.113  0.015  0.4000  0.4000
}

weed {
 0.5    0.0   0.0   0.75  0.25  0.0
 0.25  -0.2   0.1   0.3   0.25  0.5
 0.25   0.2  -0.1   0.3   0.5   0.4
 0.2    0.0   0.0   0.3   0.4   0.55
}

pine {
 0.25  0.0   0.0   0.9  0.375  0.0
 0.65  0.0   0.0   0.75  0.175 0.25
 0.0  -0.5   0.25  0.0   0.5   0.2
 0.0   0.5  -0.25  0.0   0.5   0.45
}

xmastree2 {
 0.25  0.0   0.0   0.9  0.39  0.0
 0.25  0.0   0.0   0.9  0.36  0.0
 0.65  0.0   0.0   0.75  0.175 0.25
 0.0  -0.5   0.25  0.0   0.5   0.2
 0.0   0.5  -0.25  0.0   0.5   0.45
}



